9647766546091
9647702949601
9647741472004
9647757256676
9647828600988
9647721838488
9647719532026
9647700018171
9647513738136
9647803712077
9647741606772
9647779720230
9647734444883
9647728162411
9647770168918
9647715076316
9647714753860
9647819480405
9647733902806
9647804921471
9647736694106
9647816366624
963964518272
9647711525183
9647766666024
9647711127128
9647725435112
9647735259168
9647737129071
9647759592468
9647704473342
9647712660541
9647725558669
9647710639539
9647708809118
9647711009963
9647707881951
9647902164491
9647902164491
9647762728588
9647734601056
9647708479304
9647833999697
9647772155954
9647748573383
9647719722906
9647877422278
9647718181952
9647810454086
9647807787682
9647731609881
9647747247000
9647705884005
9647756650656
9647732073865
9647811955312
9647737742118
9647723287785
9647740715665
9647728408868
9647753321747
9647779735476
9647759594366
9647817699424
9647780401012
964750656719
9647833833633
9647711433488
9647850099199
9647713380507
9647506207041
9647821252141
9647808688299
9647867088122
9647718883032
9647840007953
9647718331943
9647764042756
9647724996779
9647710405999
9647742454712
9647700225599
9647764042756
